[
    {
        "num_marker_seen": 154,
        "stage2_retry": 1,
        "pixel_error": 1.2866968835720198,
        "proj_func": "hand_marker_proj_world_camera",
        "camera_base_ori": [
            [
                0.998297265717574,
                -0.05016061710139268,
                -0.0297738434338549
            ],
            [
                -0.01313908982732666,
                -0.6906735926296813,
                0.7230472686916937
            ],
            [
                -0.056832504601905996,
                -0.7214249101160953,
                -0.6901566238794343
            ]
        ],
        "camera_base_ori_rotvec": [
            -2.3328613510346785,
            0.04370046427740098,
            0.05979076052903139
        ],
        "camera_base_pos": [
            0.5171904053024029,
            -0.8729530913848408,
            0.4459292855933256
        ],
        "p_marker_ee": [
            0.02055231369214212,
            0.07528174580707003,
            0.06672817410557466
        ]
    },
    {
        "num_marker_seen": 11,
        "stage2_retry": 1,
        "pixel_error": 0.43305306712185915,
        "proj_func": "hand_marker_proj_world_camera",
        "camera_base_ori": [
            [
                0.8331252955082901,
                -0.3004621142361294,
                0.46435413198654785
            ],
            [
                -0.5511752171232505,
                -0.5207287655480323,
                0.6519566187714952
            ],
            [
                0.04591428986016138,
                -0.7991020401923513,
                -0.5994395777282804
            ]
        ],
        "camera_base_ori_rotvec": [
            -2.1515664090478537,
            0.6204443238492479,
            -0.37174643984776923
        ],
        "camera_base_pos": [
            0.14008386215240237,
            -0.8342197954235364,
            0.2831945747404522
        ],
        "p_marker_ee": [
            0.019441870829840172,
            0.07419668471659299,
            0.07225429485930936
        ]
    },
    {
        "num_marker_seen": 79,
        "stage2_retry": 11,
        "pixel_error": 2.65809931690769,
        "proj_func": "hand_marker_proj_world_camera",
        "camera_base_ori": [
            [
                -0.0114355680954931,
                0.7388902506632082,
                -0.6737287475365696
            ],
            [
                0.9963388643634132,
                -0.048668421672343934,
                -0.07028692688507313
            ],
            [
                -0.08472363980234864,
                -0.6720659061481882,
                -0.7356285221848442
            ]
        ],
        "camera_base_ori_rotvec": [
            -1.8354658446955474,
            -1.7965046883512001,
            0.7852353662960658
        ],
        "camera_base_pos": [
            0.9534418105046142,
            -0.3190106661946271,
            0.4324643931400178
        ],
        "p_marker_ee": [
            0.023507949474084532,
            0.07237089086086969,
            0.06657557599488474
        ]
    }
]