[
    {
        "proj_func": "hand_marker_proj_world_camera",
        "camera_base_ori": [
            [
                -0.0008352020945225837,
                0.946704225999065,
                -0.3221031060281344
            ],
            [
                0.9999876345443985,
                0.0023697486541783266,
                0.004372076121720726
            ],
            [
                0.004902366342838931,
                -0.322095471509344,
                -0.9466944987890303
            ]
        ],
        "camera_base_ori_rotvec": [
            -2.0402580936641366,
            -2.0436198529334617,
            0.332994523748139
        ],
        "camera_base_pos": [
            1.1320910408929687,
            0.09765525930569187,
            0.7987153450959031
        ],
        "p_marker_ee": [
            0.015380950370067018,
            -0.038626121668840545,
            0.027503578643718527
        ]
    },
    {
        "proj_func": "hand_marker_proj_world_camera",
        "camera_base_ori": [
            [
                -0.9922133881149259,
                -0.06519269283618447,
                0.10612495110136698
            ],
            [
                -0.09927352632119796,
                0.9285196589018803,
                -0.3577653001682681
            ],
            [
                -0.07521542007630476,
                -0.36551491875640796,
                -0.9277615451985723
            ]
        ],
        "camera_base_ori_rotvec": [
            0.13571071802046047,
            -3.1756184770540727,
            0.5968209054914462
        ],
        "camera_base_pos": [
            0.7377671343246434,
            0.6816211283105794,
            0.7112006071246687
        ],
        "p_marker_ee": [
            0.03707060781713541,
            -0.04238957588297499,
            -0.03219852079586214
        ]
    },
    {
        "proj_func": "hand_marker_proj_world_camera",
        "camera_base_ori": [
            [
                -0.05954772333108995,
                0.9652497576137233,
                -0.2544542671537102
            ],
            [
                0.9981345313764363,
                0.054134857884878776,
                -0.02822896448201133
            ],
            [
                -0.013473155533381062,
                -0.2556605612691013,
                -0.966672722016889
            ]
        ],
        "camera_base_ori_rotvec": [
            -2.031492331148569,
            -2.1525209650911026,
            0.2937373990872759
        ],
        "camera_base_pos": [
            1.1158166964204739,
            -0.2854368798373039,
            0.8067605062937359
        ],
        "p_marker_ee": [
            0.014149151708399116,
            -0.03805972655414896,
            0.026777473848637195
        ]
    }
]