[
    {
        "num_marker_seen": 68,
        "stage2_retry": 1,
        "pixel_error": 1.2943005381569221,
        "proj_func": "hand_marker_proj_world_camera",
        "camera_base_ori": [
            [
                0.9696615555338789,
                -0.236992153889153,
                -0.05992651094963072
            ],
            [
                -0.12680107052312736,
                -0.697219372378978,
                0.7055541334962564
            ],
            [
                -0.20899271813583606,
                -0.6765499728582098,
                -0.7061176799880817
            ]
        ],
        "camera_base_ori_rotvec": [
            -2.349018542672564,
            0.25335232212707304,
            0.1872803190974589
        ],
        "camera_base_pos": [
            0.5427053515034359,
            -0.8358836577209834,
            0.4515848680546631
        ],
        "p_marker_ee": [
            0.020652232440583517,
            0.07594603357380605,
            0.0668913141740165
        ]
    },
    {
        "num_marker_seen": 76,
        "stage2_retry": 1,
        "pixel_error": 0.9734262044271805,
        "proj_func": "hand_marker_proj_world_camera",
        "camera_base_ori": [
            [
                -0.7394566136339089,
                0.03132709655209274,
                0.6724749285844683
            ],
            [
                -0.010734236412592663,
                0.9982410313598457,
                -0.05830625591024836
            ],
            [
                -0.673118631982289,
                -0.05033345141403139,
                -0.7378196601792616
            ]
        ],
        "camera_base_ori_rotvec": [
            0.014231752081920936,
            2.4019344718790014,
            -0.07508104121611991
        ],
        "camera_base_pos": [
            -0.6468142410001851,
            -0.5613305370397188,
            0.32899010308411336
        ],
        "p_marker_ee": [
            0.020449215828585512,
            0.07516903225885645,
            0.06465573480685557
        ]
    },
    {
        "num_marker_seen": 66,
        "stage2_retry": 1,
        "pixel_error": 1.5590842243428564,
        "proj_func": "hand_marker_proj_world_camera",
        "camera_base_ori": [
            [
                -0.06691238830693598,
                0.748354019091749,
                -0.6599158994904474
            ],
            [
                0.9969420649080974,
                0.023388912334305362,
                -0.07456190714162261
            ],
            [
                -0.040363987759382915,
                -0.6628870347872576,
                -0.7476306090597924
            ]
        ],
        "camera_base_ori_rotvec": [
            -1.7723039244688157,
            -1.8663732568541607,
            0.7488607038414953
        ],
        "camera_base_pos": [
            0.9884465201011349,
            -0.26162180004887237,
            0.45882133814949444
        ],
        "p_marker_ee": [
            0.02159942920476879,
            0.07568213297621906,
            0.06838110327192086
        ]
    }
]
