[{"camera_base_ori": [[0.04213178249284176, 0.9485314384279372, -0.31386784355490094], [0.9975242119833627, -0.05763931980385824, -0.040288401799033556], [-0.05630594472120891, -0.3113933511274391, -0.9486115229442846]], "camera_base_pos": [1.0781682497735519, 0.052421017975615554, 0.9832355189093391], "p_marker_ee": [0.018632195341962598, -0.039411085776512485, 0.02355433363170467]}, {"camera_base_ori": [[-0.6721422222671359, 0.551274174562118, -0.4942890020085942], [0.737457383530098, 0.4387530402092783, -0.5134709117214514], [-0.0661924506476203, -0.7096425538029493, -0.7014456538530197]], "camera_base_pos": [1.074760324686018, 0.7808115202436298, 0.9024470898614998], "p_marker_ee": [0.019223176975672298, -0.04379567245313821, 0.02007640936153143]}, {"camera_base_ori": [[0.932003921776572, 0.1335116552035173, -0.33696190840792195], [0.2915238327504178, -0.8285494838674189, 0.4780372451196057], [-0.21536607144951592, -0.543765014236713, -0.8111331977921696]], "camera_base_pos": [1.0153771490133474, -0.5677143097093243, 0.9542879420150078], "p_marker_ee": [0.016083526835705207, -0.03712218067374231, 0.027612451489165347]}]