[
    {
        "num_marker_seen": 14,
        "stage2_retry": 1,
        "pixel_error": 0.8270062159885093,
        "proj_func": "hand_marker_proj_world_camera",
        "camera_serial_number": "sample_serial_0",
        "intrinsics": {
            "coeffs": [
                0.0,
                0.0,
                0.0,
                0.0,
                0.0
            ],
            "fx": 617.89794921875,
            "fy": 617.9015502929688,
            "height": 480,
            "model": "inverse_brown_conrady",
            "ppx": 325.7566833496094,
            "ppy": 237.33306884765625,
            "width": 640
        },
        "camera_base_ori": [
            [
                0.0109626596927109,
                -0.997559782787882,
                0.06895143114290095
            ],
            [
                -0.9999261506556929,
                -0.011298130582698152,
                -0.004477217911023845
            ],
            [
                0.005245314799731285,
                -0.06889725690859337,
                -0.9976099712127594
            ]
        ],
        "camera_base_ori_rotvec": [
            2.265244239174126,
            -2.240140106900061,
            0.08321015112282894
        ],
        "camera_base_pos": [
            0.4516863490740508,
            -0.003604705481929566,
            0.9378135516326787
        ],
        "p_marker_ee": [
            0.04637006048074524,
            0.06230197162195704,
            -0.026044886781701998
        ]
    },
    {
        "num_marker_seen": 14,
        "stage2_retry": 11,
        "pixel_error": 1.2993896624474441,
        "proj_func": "hand_marker_proj_world_camera",
        "camera_serial_number": "sample_serial_1",
        "intrinsics": {
            "coeffs": [
                0.0,
                0.0,
                0.0,
                0.0,
                0.0
            ],
            "fx": 611.7136840820312,
            "fy": 611.7736206054688,
            "height": 480,
            "model": "inverse_brown_conrady",
            "ppx": 338.21392822265625,
            "ppy": 248.2342529296875,
            "width": 640
        },
        "camera_base_ori": [
            [
                -0.9432765150309957,
                0.18450819412400818,
                0.2760183734682855
            ],
            [
                0.33187452572022164,
                0.547584982203575,
                0.7681210753801047
            ],
            [
                -0.009418883636516951,
                0.8161540378912596,
                -0.5777576231126982
            ]
        ],
        "camera_base_ori_rotvec": [
            0.4404628154407555,
            2.617462911367785,
            1.351350945737935
        ],
        "camera_base_pos": [
            0.4256387772194019,
            -0.7090970408591621,
            0.5288577080884583
        ],
        "p_marker_ee": [
            0.0390959939585204,
            0.06360290457812956,
            -0.022325802414603493
        ]
    },
    {
        "num_marker_seen": 14,
        "stage2_retry": 1,
        "pixel_error": 0.35853348763481063,
        "proj_func": "hand_marker_proj_world_camera",
        "camera_serial_number": "sample_serial_2",
        "intrinsics": {
            "coeffs": [
                0.0,
                0.0,
                0.0,
                0.0,
                0.0
            ],
            "fx": 615.7195434570312,
            "fy": 615.7173461914062,
            "height": 480,
            "model": "inverse_brown_conrady",
            "ppx": 318.2237854003906,
            "ppy": 240.6571807861328,
            "width": 640
        },
        "camera_base_ori": [
            [
                0.9916026331522775,
                0.04603667780074983,
                0.1208504953342798
            ],
            [
                0.11963611880867428,
                -0.681401428612601,
                -0.7220659887857233
            ],
            [
                0.04910618089271047,
                0.7304606200075244,
                -0.6811871003009051
            ]
        ],
        "camera_base_ori_rotvec": [
            2.320275203583924,
            0.11460482223812812,
            0.1175682131635445
        ],
        "camera_base_pos": [
            0.3836235228996882,
            0.6884178741142595,
            0.7567383032806934
        ],
        "p_marker_ee": [
            0.0392323833461944,
            0.05559396238648816,
            -0.04259907926444168
        ]
    }
]