[{"camera_base_ori": [[-0.0008351711692040552, 0.9467041262862899, -0.3221033991773923], [0.9999876344084615, 0.0023697313594300013, 0.004372116587222594], [0.004902399339737778, -0.3220957647126033, -0.9466943988610668]], "camera_base_pos": [1.132091239302775, 0.09765527179120626, 0.7987150760861018], "p_marker_ee": [0.01538088407469198, -0.038626082221747446, 0.027503670654543382]}, {"camera_base_ori": [[-0.9837867934727511, -0.08545120494602781, -0.1576757323175443], [-0.03373994307395532, 0.9516773029445347, -0.30524076939619904], [0.17613960721532268, -0.294971867528904, -0.9391306810750794]], "camera_base_pos": [1.044620073945996, 0.978753642811283, 0.7400190717591493], "p_marker_ee": [-0.09874803603370458, -0.012452017614995134, 0.19377999347442204]}, {"camera_base_ori": [[-0.05954743351363026, 0.9652499225808887, -0.25445370918799537], [0.9981345466688237, 0.0541345562643601, -0.028229002183610033], [-0.013473303535552449, -0.25566000229924474, -0.966672867787334]], "camera_base_pos": [1.1158163442477056, -0.2854368661163418, 0.8067607259493821], "p_marker_ee": [0.014149125903098527, -0.03805976262399718, 0.026777494443228165]}]