[
    {
        "num_marker_seen": 95,
        "stage2_retry": 1,
        "pixel_error": 0.9547806177666195,
        "proj_func": "hand_marker_proj_world_camera",
        "camera_base_ori": [
            [
                0.13046836385392596,
                0.696151099938567,
                -0.7059402609906897
            ],
            [
                0.9912835170438116,
                -0.07844863725257158,
                0.10584328108323836
            ],
            [
                0.018302865090759114,
                -0.7135961444455386,
                -0.7003181760899339
            ]
        ],
        "camera_base_ori_rotvec": [
            -1.837095997517653,
            -1.623676023758974,
            0.6616554748410934
        ],
        "camera_base_pos": [
            1.1223414854669889,
            0.4289414989574941,
            0.6010171201189213
        ],
        "p_marker_ee": [
            0.03831918500065905,
            0.019617732009179226,
            0.00296617146633602
        ]
    },
    {
        "num_marker_seen": 32,
        "stage2_retry": 1,
        "pixel_error": 0.9590942590683659,
        "proj_func": "hand_marker_proj_world_camera",
        "camera_base_ori": [
            [
                -0.9999816143832455,
                -0.002550738818823516,
                -0.005501329562555543
            ],
            [
                0.0020411967856876507,
                0.7126907627175928,
                -0.7014753810738449
            ],
            [
                0.005710027246852617,
                -0.7014737133125458,
                -0.712672452898488
            ]
        ],
        "camera_base_ori_rotvec": [
            -0.00043329766126271746,
            2.9127997443564024,
            -1.1930214230356864
        ],
        "camera_base_pos": [
            0.5988010446469789,
            1.1827937514184672,
            0.5821881700194991
        ],
        "p_marker_ee": [
            0.04152649415234615,
            0.029126794033413686,
            -0.0007389444425027823
        ]
    },
    {
        "num_marker_seen": 98,
        "stage2_retry": 1,
        "pixel_error": 1.365541314657748,
        "proj_func": "hand_marker_proj_world_camera",
        "camera_base_ori": [
            [
                -0.7781255363866066,
                0.20680564056341014,
                0.5930869048075627
            ],
            [
                0.2725888363260759,
                0.9618736506353099,
                0.022235254077657744
            ],
            [
                -0.5658762903086264,
                0.17897068822759726,
                -0.8048313592435926
            ]
        ],
        "camera_base_ori_rotvec": [
            0.3366391965818879,
            2.4892420848412318,
            0.14129033610196823
        ],
        "camera_base_pos": [
            -0.6887764484164224,
            0.5199716996384507,
            0.5871127084134348
        ],
        "p_marker_ee": [
            0.03860891277607357,
            0.0222322033273417,
            0.005945508211621145
        ]
    }
    
]