[{"camera_base_ori": [[0.26409044817941857, 0.825273138571934, -0.4991798092191058], [0.9525163207711836, -0.14183692424830754, 0.2694344921948697], [0.15155492022669972, -0.5466319910793817, -0.8235439104769516]], "camera_base_pos": [1.1291315251953709, -0.2753188179094922, 0.5569095587922862], "p_marker_ee": [0.015322587564300124, -0.038835170426504806, 0.026367184321188546]}, {"camera_base_ori": [[-0.18867848441225005, 0.7704958715146015, -0.6088813854100419], [0.9809375354448933, 0.1772251307844472, -0.07970448277063993], [0.046497108245525984, -0.6123131265924243, -0.7892468903501708]], "camera_base_pos": [1.1557640304457628, 0.014638761756131623, 0.5888482354657805], "p_marker_ee": [0.0163895039251977, -0.04061809460390124, 0.025997698827580684]}, {"camera_base_ori": [[0.14824094137531774, 0.8257732465467157, -0.5441720027600243], [0.9853957807889722, -0.07671859985098213, 0.15201780040572893], [0.08378411844407617, -0.5587600573811629, -0.8250863104984515]], "camera_base_pos": [1.1854638003698477, -0.12587317688777955, 0.5886276100325791], "p_marker_ee": [0.016426117187848647, -0.03989797101227346, 0.026216040109795787]}]