[
    {
        "num_marker_seen": 82,
        "stage2_retry": 1,
        "pixel_error": 1.0193323191004398,
        "proj_func": "hand_marker_proj_world_camera",
        "camera_base_ori": [
            [
                0.9963078097591216,
                -0.07522537861020692,
                -0.04137500001129426
            ],
            [
                -0.022680381251185766,
                -0.6954270822606968,
                0.7182386605889962
            ],
            [
                -0.08280307071168584,
                -0.7146483860412233,
                -0.6945655734409744
            ]
        ],
        "camera_base_ori_rotvec": [
            -2.3392327065539016,
            0.06763261499201234,
            0.08578134381008955
        ],
        "camera_base_pos": [
            0.5199147999173718,
            -0.8724710164024725,
            0.44770496209295957
        ],
        "p_marker_ee": [
            0.02149495155082405,
            0.07550486541491984,
            0.06621404029762862
        ]
    },
    {
        "num_marker_seen": 20,
        "stage2_retry": 1,
        "pixel_error": 0.909844828313588,
        "proj_func": "hand_marker_proj_world_camera",
        "camera_base_ori": [
            [
                -0.7895167178559055,
                0.006719481144470554,
                0.61369226881165
            ],
            [
                -0.04660491999337455,
                0.9963964203831648,
                -0.07086716362339691
            ],
            [
                -0.611956970430481,
                -0.08455188951622115,
                -0.7863584706231546
            ]
        ],
        "camera_base_ori_rotvec": [
            -0.027675187976721628,
            2.478681221327078,
            -0.10784014504885431
        ],
        "camera_base_pos": [
            -0.633655247867228,
            -0.5765724258636483,
            0.21029529819389187
        ],
        "p_marker_ee": [
            0.020000548807465247,
            0.0750085816981591,
            0.0692226266791234
        ]
    },
    {
        "num_marker_seen": 73,
        "stage2_retry": 1,
        "pixel_error": 1.981216357492403,
        "proj_func": "hand_marker_proj_world_camera",
        "camera_base_ori": [
            [
                0.02786710395665507,
                0.48430767649313344,
                -0.8744538289737722
            ],
            [
                0.9992838822928557,
                0.00890270784777873,
                0.03677586685172407
            ],
            [
                0.02559584159170418,
                -0.874852454007417,
                -0.48371276250520107
            ]
        ],
        "camera_base_ori_rotvec": [
            -1.571166878310085,
            -1.5512113861202455,
            0.8875476322497226
        ],
        "camera_base_pos": [
            1.0648834043274895,
            -0.3453560961399274,
            0.27508929849031993
        ],
        "p_marker_ee": [
            0.022080543849580483,
            0.07376399516245509,
            0.06469281203666319
        ]
    }
]